P_0 = 0,02071291 0,02698795 0,02796528 0,02508442 0,03137066 0,05552873 0,03671498 0,02658289 
P_1 = 0,03323699 0,02843373 0,02748312 0,02942595 0,03378378 0,03573153 0,03140097 0,03286612 
P_2 = 0,03179191 0,03566265 0,03134041 0,02749638 0,03330116 0,02897151 0,03429952 0,02658289 
P_3 = 0,03227360 0,03132530 0,02362584 0,03955620 0,03185328 0,03766296 0,02753623 0,02754954 
P_4 = 0,03371869 0,03277108 0,02989392 0,03473227 0,03330116 0,03573153 0,02705314 0,03334944 
P_5 = 0,03371869 0,03084337 0,03423337 0,02846117 0,02461390 0,03669725 0,03333333 0,02658289 
P_6 = 0,02408478 0,03421687 0,03085824 0,02797877 0,02557915 0,02945437 0,03623188 0,02513291 
P_7 = 0,03179191 0,02265060 0,03664417 0,03135552 0,03040541 0,02510864 0,02560386 0,02609957 
P_8 = 0,03612717 0,03710843 0,03423337 0,03039074 0,03233591 0,02462578 0,02995169 0,03721605 
P_9 = 0,02697495 0,03036145 0,03423337 0,02846117 0,02123552 0,02800579 0,03043478 0,03093282 
P_10 = 0,02697495 0,03614458 0,03375121 0,03424988 0,02461390 0,03524867 0,02463768 0,03769937 
P_11 = 0,02456647 0,02361446 0,02892960 0,02701399 0,02944015 0,02076292 0,03381643 0,02706622 
P_12 = 0,03371869 0,02987952 0,03471553 0,02411963 0,03281853 0,02269435 0,03381643 0,03189947 
P_13 = 0,02842004 0,03180723 0,02989392 0,02797877 0,02895753 0,02510864 0,02850242 0,02513291 
P_14 = 0,04046243 0,03373494 0,02941176 0,03135552 0,02606178 0,03186866 0,03140097 0,03721605 
P_15 = 0,03420039 0,03132530 0,02266152 0,02267246 0,02413127 0,02897151 0,04009662 0,03189947 
P_16 = 0,02552987 0,02987952 0,02700096 0,02894356 0,03040541 0,02993723 0,02801932 0,02464959 
P_17 = 0,04190751 0,02987952 0,03664417 0,02701399 0,03474903 0,03138580 0,02608696 0,03093282 
P_18 = 0,02986513 0,02554217 0,02459016 0,03039074 0,03426641 0,02752294 0,02850242 0,02271629 
P_19 = 0,01926782 0,02650602 0,02555448 0,03569706 0,03716216 0,03283438 0,03091787 0,02996617 
P_20 = 0,02986513 0,02650602 0,02603664 0,02894356 0,02750965 0,02897151 0,03333333 0,02803287 
P_21 = 0,02504817 0,02795181 0,02603664 0,02990835 0,03426641 0,02704008 0,02705314 0,02803287 
P_22 = 0,02938343 0,03180723 0,02603664 0,03907381 0,03040541 0,02221149 0,02367150 0,02609957 
P_23 = 0,02408478 0,03180723 0,03567985 0,02942595 0,02364865 0,02607436 0,02270531 0,03093282 
P_24 = 0,03468208 0,02361446 0,02892960 0,02990835 0,02895753 0,02800579 0,02801932 0,03769937 
P_25 = 0,03034682 0,02795181 0,03085824 0,03907381 0,03378378 0,02172863 0,03526570 0,03238279 
P_26 = 0,02601156 0,04048193 0,03423337 0,03135552 0,02654440 0,02028006 0,02560386 0,02996617 
P_27 = 0,03468208 0,02361446 0,03616201 0,03039074 0,03330116 0,02993723 0,01980676 0,02851619 
P_28 = 0,02215800 0,03421687 0,03230473 0,02363724 0,03378378 0,03911154 0,03140097 0,03576607 
P_29 = 0,03275530 0,03036145 0,02892960 0,03087313 0,02509653 0,03331724 0,03961353 0,03576607 
P_30 = 0,03420039 0,03469880 0,02892960 0,03328509 0,03667954 0,03138580 0,02705314 0,02899952 
P_31 = 0,03131021 0,02939759 0,03423337 0,03280270 0,03667954 0,03331724 0,03043478 0,02996617 
P_32 = 0,03612717 0,02891566 0,02796528 0,02894356 0,02895753 0,03476581 0,03768116 0,03576607 
