2310
2800733
95041567
907383479
4132280413
13710311357
47205940259
111641786731
235281894389
486745263701
865720515469
1492324978769
2477976354619
4282250400097
6574810801903
9700777926551
14451928543303
19402075208057
26690910741419
37741785727181
55731315063023
72305261671493
89671480036583
114755069143747
142135952254393
190428316950661
237549283827679
301638942179387
375685027111279
454669449217223
548866990065739
685770527895437
827910036323599
992711246875297
1151262769879903
1329243538453333
1568399144144471
1807730731378501
2201235629083943
2586790677954419
2942847815962933
3487122930802811
3790374062238503
4477864188397517
5527786480502791
6186929349203831
6849041354207291
7487409242364511
8654936653790923
9592997727030791
10663567842475943
11582134510837057
13292999430750829
14921076331161449
16665826621920433
18591669883573459
21420647746440457
23347187736449021
25885818856489393
29501211768397871
32047280201457307
34725448937227837
38613886692182647
41640340328342117
44985322681514233
50665255998259387
56165988254674279
60992565551226313
65569771030687307
71212615484344871
76394188721619749
81058809589011707
88304931135140147
97830880747455313
107354457876499411
118303903225484981
129057043866967673
137271937896974641
143432581045302371
150693067241098873
162186426283083047
172776067647258739
186118793117461021
199987033152461923
215558873754036077
231778042761636691
250451019017964859
268015949215734857
288218131597185017
316772653301281153
336268807939026503
358242874666082039
383907803047224977
405179493694551319
425823237746283809
450737946370499357
490592007022920067
515801691794794777
547335587166310757
567791410948155071
600789660986332249
630442618247368111
669584508702655979
703413890364150649
745312742147423161
790867437901054417
836445850868951119
883172436185084113
925373349794152951
968106607058529013
1035048379713321187
1077533374249153181
1140295099363873979
1198360982077445831
1259934687622979603
1340537842364790347
1388851656733519961
1440561947092179437
1542918317747742373
1624144597660570357
1718869681051692991
1795352051528575249
1877897618705120539
1974612273584646463
2081593081742065937
2168878281155102311
2249337653722067533
2371061369869383281
2501104163586622303
2580548354836068349
2768078720669086529
2899873811231648621
2994095251159183723
3096941723615972371
3189871528824069863
3353205299567425571
3476699183824496171
3670060478901657173
3840855469531770589
4013387038639218727
4192151401984663097
4423099267615677247
4616331414356752229
4738876023641493659
4905076780836765431
5079656854735157879
5262835525969540523
5513923493723262551
5756577540788490817
5904741974400969961
6130611423750007379
6389848724337082409
6641981044469060597
6838507145735161111
6977607862529110997
7257614498941841929
7697032193290296107
8050626833540138249
8306995840552378511
8583849233657090579
8908327672576768379
9236895183879468019
9559532925004340177
9822306404993407771
10109997348300747673
10378214370444550807
10668624493022786531
11196195595351247101
11726187664959937033
12161325166913328311
12490923510510298879
13069498236468239047
13426799589752568463
13824471283747110551
14341484595667527931
14786802713701223291
15194317728476241869
15678771800938470353
16292356006439865799
16613342700359308847
17045905549260883091
17666459189003336303
18392961066438110437
19142891414308140691
19643789286939268141
20232478156418309963
21019015990525051129
21811259565441212513
22848185994090869393
23519173327229825009
24090057707295124301
24554794256814235877
25066277559476799257
25734203917550911957
26575610075760743611
27183887482735601857
27911122766554363873
29060702956588968103
30041201504891146811
30727467684207848581
31545465701926687633
32738851325117627897
34019326059229635317
34786028824788301889
35802689241299894099
36933594844203234949
37825940156236102853
38838104237236207327
39613717610414830583
41074596378182321609
42275879149134880507
43433072657048420527
45090157952628012853
46265153009911289249
47520314899871921719
48689619307362336913
49664619025522024541
50654943567830153969
51719898880542709007
53260562354191618949
54283228549504478201
55833377075732949899
57471483341163414541
58976503686022007233
60205838929760300899
61917124347982111121
63821484629211803369
65201651966710158709
66620119096034919851
68372256574411251127
70191515374728986687
71695968307791029429
73569932756888688607
74655966842055716569
76107651395651825527
77810239352754799321
80060410668450926621
82518613533722006419
84195287873571164141
86396390779128507811
88262949467417501879
90143035005416510041
91961372602716031241
93732910950369712033
95976013613360597839
